House #,Total Pop (est),Lat,Long,Y Position,X Position,,,,24500,
88,0,9.0633278,-79.5572968,1022.480772,-853.2545803,,,,2350,0,0,0,0,0,0,0,0,0,0,0,0,0,0,0,0,0,0,0,0,0,0,0,0,0,0,0,0,0,0,0,0,0,0,0,0,0,0,0,0,0,0,0,0,0,0,0,0,0,0,0
165,0,9.064497,-79.5582275,1446.742436,-1189.008021,,,,2300,0,0,0,0,0,0,0,0,0,0,0,0,0,0,0,0,0,0,0,0,0,0,0,0,0,0,0,0,0,0,0,0,0,0,0,0,0,0,0,0,0,0,0,0,0,0,0,0,0,0,0
169,0,9.0641813,-79.558342,1332.185981,-1230.314316,,,,2250,0,0,0,0,0,0,0,0,0,0,0,0,0,0,0,0,0,0,0,0,0,0,0,0,0,0,0,0,0,0,0,0,0,0,0,0,0,0,0,0,0,0,0,0,0,0,0,0,0,0,0
166,0,9.0647278,-79.5581436,1530.49166,-1158.740788,,,,2200,0,0,0,0,0,0,0,0,0,0,0,0,0,0,0,0,0,0,0,0,0,0,0,0,0,0,0,0,0,0,0,0,0,0,0,0,0,0,0,0,0,0,0,0,0,0,0,0,0,0,0
167,0,9.064868,-79.5581131,1581.365321,-1147.737801,,,,2150,0,0,0,0,0,0,0,0,0,0,0,0,0,0,0,0,0,0,0,0,0,0,0,0,0,0,0,0,0,0,0,0,0,0,0,0,0,0,0,0,0,0,0,0,0,0,0,0,0,0,0
201,0,9.0657873,-79.5585785,1914.947042,-1315.632559,,,,2100,0,0,0,0,0,0,0,0,0,0,0,0,0,0,0,0,0,0,0,0,0,0,0,0,0,0,0,0,0,0,0,0,0,0,0,0,0,0,0,0,0,0,0,0,0,0,0,0,0,0,0
200,0,9.0656948,-79.5587692,1881.382037,-1384.428284,,,,2050,0,0,0,0,0,0,0,0,0,0,0,0,0,0,0,0,0,0,0,11,11,3,3,0,0,0,0,0,0,0,0,0,0,0,0,0,0,0,0,0,0,0,0,0,0,0,0,0,0,0,0
241,0,9.0651054,-79.5591049,1667.509453,-1505.533291,,,,2000,0,0,0,0,0,0,0,0,0,0,0,0,0,0,0,0,0,0,12.19672131,29.19672131,17,3,10.06557377,7.06557377,5.06557377,5.06557377,4,4,0,0,0,0,0,0,0,0,0,0,0,0,0,0,0,0,0,0,0,0,0,0,0
238,0,9.0647707,-79.5593643,1546.058565,-1599.112793,,,,1950,0,0,0,0,0,0,0,0,0,0,0,0,0,0,0,0,0,4.06557377,16.26229508,18.19672131,6,0,7.06557377,21.13114754,19.13114754,5.06557377,4,4,0,0,0,0,0,0,0,0,0,0,0,0,0,0,0,0,0,0,0,0,0,0,0
215,0,9.0643225,-79.5598145,1383.422507,-1761.524095,,,,1900,0,0,0,0,0,0,0,0,0,0,0,0,0,0,0,4,4,4.06557377,4.06557377,0,0,0,0,14.06557377,14.06557377,0,7,7,10,10,0,0,0,0,0,0,0,0,0,0,0,0,0,0,0,0,0,0,0,0,0
111,1,9.0623531,-79.5568161,668.7963341,-679.8402911,,,,1850,0,0,0,0,0,0,0,0,0,0,0,0,0,4.06557377,4.06557377,4,8,8.06557377,4.06557377,0,0,2,2,0,0,5,12,9,12,10,0,0,0,0,0,0,0,0,0,0,0,0,0,0,0,0,0,0,0,0,0
20,1,9.0623455,-79.557373,666.0385607,-880.7440099,,,,1800,0,0,0,0,0,0,0,0,0,0,0,0,0,8.131147541,8.131147541,0,4,14.06557377,10.06557377,0,0,2,2,0,0,5,9.06557377,6.06557377,2,6.06557377,6.06557377,0,0,0,0,0,0,0,0,0,0,0,0,0,0,0,0,0,0,0,0
254,1,9.0642271,-79.5576401,1348.805194,-977.1013152,,,,1750,0,0,0,0,0,0,0,0,0,0,0,0,0,4.06557377,4.06557377,0,0,6,6,0,0,0,0,0,4.06557377,4.06557377,4.06557377,4.06557377,0,6.06557377,10.13114754,4.06557377,0,0,0,0,0,0,0,0,0,0,0,0,0,0,0,0,0,0,0
,1,9.0659809,-79.5584183,1985.197691,-1257.839821,,,,1700,0,0,0,0,0,0,0,0,0,0,0,0,4.06557377,4.06557377,0,0,0,0,4.06557377,4.06557377,0,0,0,0,8.131147541,8.131147541,3,7.06557377,4.06557377,0,4.06557377,4.06557377,0,0,0,0,0,0,0,0,0,0,0,0,0,0,0,0,0,0,0
265,1,9.0633039,-79.5591583,1013.8083,-1524.797537,,,,1650,0,0,0,0,0,0,0,0,0,0,0,0,4.06557377,4.06557377,4.06557377,4.06557377,0,0,4.06557377,7.06557377,7,4,0,0,4.06557377,4.06557377,3,7.06557377,4.06557377,0,0,0,4.06557377,8.131147541,4.06557377,0,0,0,0,0,0,0,0,0,0,0,0,0,0,0,0
164,1,9.0644398,-79.558075,1425.986563,-1133.993086,,,,1600,0,0,0,0,0,0,0,0,0,0,0,0,0,0,4.06557377,8.131147541,4.06557377,0,0,3,7,4,0,5,5,5,5,4.06557377,4.06557377,0,0,0,4.06557377,12.19672131,8.131147541,0,0,0,0,0,0,0,0,0,0,0,0,0,0,0,0
224,1,9.0639296,-79.5604401,1240.85288,-1987.211591,,,,1550,0,0,0,0,0,0,0,0,0,0,0,0,0,4.06557377,4.06557377,4.06557377,4.06557377,0,0,0,0,0,0,21.13114754,21.13114754,10,10,4.06557377,4.06557377,0,0,0,10,18.13114754,8.131147541,8.131147541,8.131147541,0,0,0,0,0,0,0,0,0,0,0,0,0,0
120,2,9.0619907,-79.5565262,537.294087,-575.2578022,,,,1500,0,0,0,0,0,0,0,0,0,0,0,0,8.131147541,12.19672131,4.06557377,0,0,8,8,0,4.06557377,4.06557377,0,27.13114754,27.13114754,14.06557377,18.06557377,12.13114754,8.131147541,5,5,0,10,14.06557377,4.06557377,8.131147541,12.19672131,4.06557377,0,0,0,0,0,0,0,0,0,0,0,0,0
119,2,9.062027,-79.5566025,550.4660836,-602.7833072,,,,1450,0,0,0,0,0,0,0,0,0,0,0,0,12.19672131,12.19672131,0,0,0,10,10,3,7.06557377,4.06557377,0,11,11,9.06557377,13.06557377,17.19672131,15.19672131,23.26229508,24.26229508,3,0,4,4,8.131147541,12.19672131,8.131147541,4.06557377,0,0,0,0,0,0,0,0,0,0,0,0
116,2,9.062047,-79.556778,557.723382,-666.0955763,,,,1400,0,0,0,0,0,0,0,0,0,0,0,0,4.06557377,4.06557377,0,0,0,2,2,3,3,0,0,0,0,0,0,5.06557377,7.06557377,18.26229508,28.32786885,17.06557377,5,8.06557377,8.06557377,8.131147541,16.26229508,17.19672131,9.06557377,0,0,0,0,0,0,0,0,0,0,0,0
115,2,9.0624228,-79.5565109,694.088019,-569.738271,,,,1350,0,0,0,0,0,0,0,0,0,0,4.06557377,8.131147541,4.06557377,0,0,0,0,7.06557377,7.06557377,0,0,0,0,0,0,0,6.06557377,10.13114754,4.06557377,4.06557377,14.13114754,15.06557377,5,4.06557377,4.06557377,0,12.19672131,21.26229508,13.13114754,4.06557377,0,0,0,0,0,0,0,0,0,0,0
4,2,9.0618181,-79.5556335,474.6636019,-253.213001,,,,1300,0,0,0,0,0,0,0,0,0,0,4.06557377,8.131147541,6.06557377,2,0,0,0,7.06557377,9.06557377,2,0,0,0,0,4,4,14.19672131,18.26229508,4.06557377,8.131147541,9.131147541,1,0,0,0,4.06557377,8.131147541,8.131147541,12.19672131,8.131147541,0,4.06557377,4.06557377,0,0,0,0,0,0,0,0
5,2,9.061904,-79.5555801,505.8336985,-233.948755,,,,1250,0,0,0,0,0,0,0,0,0,4.06557377,9.131147541,5.06557377,6.06557377,6.06557377,4.06557377,4.06557377,0,0,2,2,0,0,0,4.06557377,8.06557377,12.13114754,16.26229508,12.13114754,4,8.131147541,8.131147541,2,2,0,0,8.131147541,8.131147541,0,4.06557377,8.131147541,4.06557377,4.06557377,4.06557377,0,0,0,0,0,0,0,0
247,2,9.0638189,-79.557518,1200.683734,-933.0532921,,,,1200,0,0,0,0,0,0,0,0,0,4.06557377,9.131147541,5.06557377,4.06557377,8.131147541,8.131147541,12.19672131,8.131147541,4.06557377,4.06557377,6,10.06557377,4.06557377,0,4.06557377,11.13114754,15.19672131,12.19672131,12.13114754,8.06557377,9.06557377,9.06557377,6,6,4.06557377,11.06557377,15.13114754,8.131147541,0,4,12.13114754,8.131147541,0,8.06557377,8.06557377,0,0,0,0,0,0,0
32,2,9.0623055,-79.5558853,651.5239639,-344.0507751,,,,1150,0,0,0,0,0,0,0,0,0,0,0,0,4,8.06557377,4.06557377,8.131147541,12.19672131,16.26229508,12.19672131,6,10.06557377,4.06557377,0,4.06557377,15.13114754,11.06557377,4.06557377,8.131147541,4.06557377,5,5,9,9,4.06557377,11.06557377,11.06557377,4.06557377,0,4,8.06557377,8.131147541,4.06557377,12.13114754,16.19672131,8.131147541,4.06557377,0,0,0,0,0
164,2,9.0644464,-79.557869,1428.381471,-1059.67783,,,,1100,0,0,0,0,0,0,0,0,0,0,0,0,4,4,0,0,4.06557377,12.19672131,12.19672131,19.19672131,20.13114754,9.06557377,8.131147541,8.131147541,11.06557377,7,0,0,0,0,0,5,5,0,0,4.06557377,8.131147541,4.06557377,0,4.06557377,12.19672131,8.131147541,12.19672131,24.39344262,19.26229508,7.06557377,0,0,0,0,0
170,2,9.0649157,-79.5583725,1598.673978,-1241.317303,,,,1050,0,0,0,0,0,0,0,0,0,0,0,0,0,0,0,0,0,0,11.06557377,27.19672131,25.19672131,13.13114754,8.131147541,4.06557377,9,9,0,0,0,0,0,0,11.13114754,16.13114754,5,4.06557377,12.19672131,8.131147541,0,4.06557377,11.13114754,7.06557377,8.131147541,20.32786885,21.19672131,9,0,0,0,0,0
185,2,9.0655317,-79.5580292,1822.198769,-1117.470568,,,,1000,0,0,0,0,0,0,0,0,0,0,0,0,0,0,0,0,0,0,7,8,8.06557377,11.06557377,8.06557377,4.06557377,10,10,0,0,0,0,0,3,17.13114754,23.19672131,9.06557377,8.06557377,12.13114754,4.06557377,0,0,8,8,0,12.19672131,18.19672131,6,0,0,0,4.06557377,4.06557377
202,2,9.0656071,-79.5589294,1849.558784,-1442.221022,,,,950,0,0,0,0,0,0,0,0,0,0,0,0,0,0,0,0,0,0,0,0,3,7,11.06557377,7.06557377,4,12.13114754,8.131147541,2,2,0,5,8,6,15.13114754,12.13114754,8.06557377,12.13114754,4.06557377,0,6,11,5,4.06557377,21.26229508,17.19672131,0,0,0,0,18.19672131,18.19672131
298,2,9.0630426,-79.5580826,918.9916964,-1136.734814,,,,900,0,0,0,0,0,0,0,0,0,0,0,0,0,0,0,0,0,0,0,0,0,0,3,3,0,8.131147541,13.13114754,7,2,4.06557377,9.06557377,5,4.06557377,19.13114754,15.06557377,0,4.06557377,8.131147541,8.131147541,10.06557377,6,0,4.06557377,17.19672131,13.13114754,0,0,0,12.06557377,30.26229508,18.19672131
229,2,9.0640354,-79.5600815,1279.243989,-1857.845325,,,,850,0,0,0,0,0,0,0,0,0,0,0,0,0,0,0,0,0,0,0,0,0,0,0,0,0,0,5,9.06557377,4.06557377,10.06557377,15.06557377,5,4.06557377,11.06557377,15,8,0,4.06557377,8.131147541,4.06557377,0,0,3,7.06557377,4.06557377,0,0,0,16.13114754,20.19672131,4.06557377
285,2,9.0641317,-79.5581436,1314.187881,-1158.740788,,,,800,0,0,0,0,0,0,0,0,0,0,0,0,0,0,0,0,0,0,0,0,0,0,0,0,0,0,0,4.06557377,4.06557377,10,15,15.06557377,10.06557377,0,12,21.06557377,9.06557377,0,0,0,0,0,7.06557377,14.13114754,7.06557377,0,4.06557377,18.13114754,18.13114754,4.06557377,0
234,2,9.0644941,-79.5594025,1445.690128,-1612.893583,,,,750,0,0,0,0,0,0,0,0,0,0,0,0,0,0,0,0,0,0,0,0,0,0,0,0,0,0,0,0,0,4,4,10.06557377,13.06557377,3,7,16.06557377,9.06557377,4,4,0,0,0,12.19672131,23.32786885,11.13114754,0,8.131147541,22.19672131,14.06557377,0,0
230,2,9.0639772,-79.5592957,1258.125251,-1574.365091,,,,700,0,0,0,0,0,0,0,0,0,0,0,0,0,0,0,0,0,0,0,0,0,0,0,0,0,0,0,0,0,0,0,0,4,4,7.06557377,23.19672131,17.13114754,14,15,2,0,0,8.131147541,14.19672131,6.06557377,0,8.06557377,8.06557377,0,0,0
,2,9.0654287,-79.5577164,1784.823682,-1004.62682,,,,650,0,0,0,0,0,0,0,0,0,0,0,0,0,0,0,0,0,0,0,0,0,0,0,0,0,0,0,0,0,0,0,0,1,1,4.06557377,20.19672131,17.13114754,10,11,2,0,0,0,10.06557377,10.06557377,0,4,4,0,0,0
107,3,9.0624695,-79.5570984,711.0338107,-781.6810522,,,,600,0,0,0,0,0,0,0,0,0,0,0,0,0,0,0,0,0,0,0,0,0,0,0,0,0,0,0,0,0,0,0,0,0,0,0,0,2,8.06557377,6.06557377,0,0,0,0,8.06557377,8.06557377,7.06557377,11.13114754,4.06557377,0,0,0
19,3,9.0625696,-79.5573883,747.3565892,-886.2635411,,,,550,0,0,0,0,0,0,0,0,0,0,0,0,0,0,0,0,0,0,0,0,0,0,0,0,0,0,0,0,0,0,0,0,0,0,0,0,2,8.06557377,12.13114754,6.06557377,0,0,0,4.06557377,8.131147541,13.13114754,13.13114754,4.06557377,0,0,0
8,3,9.0621281,-79.5554962,587.1517271,-203.6815221,,,,500,0,0,0,0,0,0,0,0,0,0,0,0,0,0,0,0,0,0,0,0,0,0,0,0,0,0,0,0,0,0,0,0,0,0,0,0,0,0,6.06557377,10.13114754,4.06557377,0,0,8.131147541,14.19672131,8.06557377,2,0,0,0,0
90,3,9.0631762,-79.5574265,967.4704497,-900.0443313,,,,450,0,0,0,0,0,0,0,0,0,0,0,0,0,0,0,0,0,0,0,0,0,0,0,0,0,0,0,0,0,0,0,0,0,0,0,0,0,0,0,4.06557377,4.06557377,4.06557377,17.13114754,17.13114754,6.06557377,2,0,0,0,0,0
91,3,9.0631618,-79.5573273,962.2451949,-864.2575672,,,,400,0,0,0,0,0,0,0,0,0,0,0,0,0,0,0,0,0,0,0,0,0,0,0,0,0,0,0,0,0,0,0,0,0,0,0,0,0,0,0,0,0,4.06557377,17.13114754,13.06557377,0,0,0,0,0,0,0
87,3,9.0633936,-79.5573578,1046.357283,-875.2605542,,,,350,0,0,0,0,0,0,0,0,0,0,0,0,0,0,0,0,0,0,0,0,0,0,0,0,0,0,0,0,0,0,0,0,0,0,0,0,0,0,0,0,0,0,0,0,0,0,0,0,0,0,0
154,3,9.0644712,-79.557579,1437.380521,-955.059266,,,,300,0,0,0,0,0,0,0,0,0,0,0,0,0,0,0,0,0,0,0,0,0,0,0,0,0,0,0,0,0,0,0,0,0,0,0,0,0,0,0,0,0,0,0,0,0,0,0,0,0,0,0
37,3,9.0626974,-79.5558548,793.730726,-333.0477881,,,,250,0,0,0,0,0,0,0,0,0,0,0,0,0,0,0,0,0,0,0,0,0,0,0,0,0,0,0,0,0,0,0,0,0,0,0,0,0,0,0,0,0,0,0,0,0,0,0,0,0,0,0
38,3,9.0628433,-79.5560303,846.6727178,-396.3600572,,,,200,0,0,0,0,0,0,0,0,0,0,0,0,0,0,0,0,0,0,0,0,0,0,0,0,0,0,0,0,0,0,0,0,0,0,0,0,0,0,0,0,0,0,0,0,0,0,0,0,0,0,0
167,3,9.064867,-79.5582657,1581.002456,-1202.788811,,,,150,0,0,0,0,0,0,0,0,0,0,0,0,0,0,0,0,0,0,0,0,0,0,0,0,0,0,0,0,0,0,0,0,0,0,0,0,0,0,0,0,0,0,0,0,0,0,0,0,0,0,0
179,3,9.0646238,-79.5586014,1492.753708,-1323.893818,,,,100,0,0,0,0,0,0,0,0,0,0,0,0,0,0,0,0,0,0,0,0,0,0,0,0,0,0,0,0,0,0,0,0,0,0,0,0,0,0,0,0,0,0,0,0,0,0,0,0,0,0,0
176,3,9.0647612,-79.558609,1542.611348,-1326.635546,,,,50,0,0,0,0,0,0,0,0,0,0,0,0,0,0,0,0,0,0,0,0,0,0,0,0,0,0,0,0,0,0,0,0,0,0,0,0,0,0,0,0,0,0,0,0,0,0,0,0,0,0,0
,3,9.0633574,-79.5556564,1033.221573,-261.47426,,,,0,0,0,0,0,0,0,0,0,0,0,0,0,0,0,0,0,0,0,0,0,0,0,0,0,0,0,0,0,0,0,0,0,0,0,0,0,0,0,0,0,0,0,0,0,0,0,0,0,0,0,0
,3,9.0633574,-79.5556564,1033.221573,-261.47426,,,,,,,,,,,,,,,,,,,,,,,,,,,,,,,,,,,,,,,,,,,,,,,,,,,,,,,
,3,9.063508,-79.5556259,1087.86903,-250.4712731,,,,,,,,,,,,,,,,,,,,,,,,,,,,,,,,,,,,,,,,,,,,,,,,,,,,,,,
184,3,9.0656652,-79.5581589,1870.641236,-1164.260319,,,,,,,,,,,,,,,,,,,,,,,,,,,,,,,,,,,,,,,,,,,,,,,,,,,,,,,
192,3,9.0659952,-79.5587311,1990.386659,-1370.683569,,,,,,,,,,,,,,,,,,,,,,,,,,,,,,,,,,,,,,,,,,,,,,,,,,,,,,,
195,3,9.066062,-79.5589142,2014.626036,-1436.737566,,,,,,,,,,,,,,,,,,,,,,,,,,,,,,,,,,,,,,,,,,,,,,,,,,,,,,,
196,3,9.0660381,-79.5591354,2005.953564,-1516.536278,,,,,,,,,,,,,,,,,,,,,,,,,,,,,,,,,,,,,,,,,,,,,,,,,,,,,,,
67,3,9.063303,-79.5562897,1013.481722,-489.9395592,,,,,,,,,,,,,,,,,,,,,,,,,,,,,,,,,,,,,,,,,,,,,,,,,,,,,,,
271,3,9.0630999,-79.5587006,939.7838563,-1359.680582,,,,,,,,,,,,,,,,,,,,,,,,,,,,,,,,,,,,,,,,,,,,,,,,,,,,,,,
266,3,9.0632486,-79.559082,993.7418699,-1497.272032,,,,,,,,,,,,,,,,,,,,,,,,,,,,,,,,,,,,,,,,,,,,,,,,,,,,,,,
272,3,9.063488,-79.5584259,1080.611732,-1260.581549,,,,,,,,,,,,,,,,,,,,,,,,,,,,,,,,,,,,,,,,,,,,,,,,,,,,,,,
275,3,9.0637741,-79.5584335,1184.427385,-1263.323277,,,,,,,,,,,,,,,,,,,,,,,,,,,,,,,,,,,,,,,,,,,,,,,,,,,,,,,
181,3,9.0651274,-79.5581207,1675.492482,-1150.479529,,,,,,,,,,,,,,,,,,,,,,,,,,,,,,,,,,,,,,,,,,,,,,,,,,,,,,,
240,3,9.0649872,-79.5591583,1624.61882,-1524.797537,,,,,,,,,,,,,,,,,,,,,,,,,,,,,,,,,,,,,,,,,,,,,,,,,,,,,,,
237,3,9.0643711,-79.5591965,1401.057743,-1538.578327,,,,,,,,,,,,,,,,,,,,,,,,,,,,,,,,,,,,,,,,,,,,,,,,,,,,,,,
229,3,9.0641232,-79.5594101,1311.103529,-1615.635311,,,,,,,,,,,,,,,,,,,,,,,,,,,,,,,,,,,,,,,,,,,,,,,,,,,,,,,
114,4,9.0623016,-79.5566025,650.1087907,-602.7833072,,,,,,,,,,,,,,,,,,,,,,,,,,,,,,,,,,,,,,,,,,,,,,,,,,,,,,,
112,4,9.0625,-79.5567169,722.1011908,-644.053527,,,,,,,,,,,,,,,,,,,,,,,,,,,,,,,,,,,,,,,,,,,,,,,,,,,,,,,
9,4,9.0623264,-79.5554123,659.1078407,-173.4142892,,,,,,,,,,,,,,,,,,,,,,,,,,,,,,,,,,,,,,,,,,,,,,,,,,,,,,,
308,4,9.0626316,-79.5577621,769.8542143,-1021.113263,,,,,,,,,,,,,,,,,,,,,,,,,,,,,,,,,,,,,,,,,,,,,,,,,,,,,,,
91,4,9.0630474,-79.5572357,920.733448,-831.212531,,,,,,,,,,,,,,,,,,,,,,,,,,,,,,,,,,,,,,,,,,,,,,,,,,,,,,,
103,4,9.0626993,-79.5570755,794.4201694,-773.4197931,,,,,,,,,,,,,,,,,,,,,,,,,,,,,,,,,,,,,,,,,,,,,,,,,,,,,,,
249,4,9.0637646,-79.5575333,1180.980169,-938.5728232,,,,,,,,,,,,,,,,,,,,,,,,,,,,,,,,,,,,,,,,,,,,,,,,,,,,,,,
31,4,9.06217,-79.5557938,602.3557672,-311.0418143,,,,,,,,,,,,,,,,,,,,,,,,,,,,,,,,,,,,,,,,,,,,,,,,,,,,,,,
166,4,9.0646038,-79.5582352,1485.496409,-1191.785824,,,,,,,,,,,,,,,,,,,,,,,,,,,,,,,,,,,,,,,,,,,,,,,,,,,,,,,
187,4,9.065629,-79.5581284,1857.505525,-1153.257332,,,,,,,,,,,,,,,,,,,,,,,,,,,,,,,,,,,,,,,,,,,,,,,,,,,,,,,
188,4,9.0659475,-79.5582352,1973.078002,-1191.785824,,,,,,,,,,,,,,,,,,,,,,,,,,,,,,,,,,,,,,,,,,,,,,,,,,,,,,,
61,4,9.0637846,-79.5559769,1188.237467,-377.0958113,,,,,,,,,,,,,,,,,,,,,,,,,,,,,,,,,,,,,,,,,,,,,,,,,,,,,,,
71,4,9.063755,-79.5565643,1177.496665,-589.002517,,,,,,,,,,,,,,,,,,,,,,,,,,,,,,,,,,,,,,,,,,,,,,,,,,,,,,,
,4,9.0632524,-79.5570068,995.1207566,-748.636016,,,,,,,,,,,,,,,,,,,,,,,,,,,,,,,,,,,,,,,,,,,,,,,,,,,,,,,
302,4,9.0632362,-79.5584183,989.2423449,-1257.839821,,,,,,,,,,,,,,,,,,,,,,,,,,,,,,,,,,,,,,,,,,,,,,,,,,,,,,,
269,4,9.063159,-79.558876,961.2291731,-1422.956776,,,,,,,,,,,,,,,,,,,,,,,,,,,,,,,,,,,,,,,,,,,,,,,,,,,,,,,
222,4,9.0636663,-79.5601425,1145.310547,-1879.851299,,,,,,,,,,,,,,,,,,,,,,,,,,,,,,,,,,,,,,,,,,,,,,,,,,,,,,,
143,4,9.0644903,-79.5572662,1444.311241,-842.215518,,,,,,,,,,,,,,,,,,,,,,,,,,,,,,,,,,,,,,,,,,,,,,,,,,,,,,,
204,4,9.0656757,-79.5596771,1874.451317,-1711.956541,,,,,,,,,,,,,,,,,,,,,,,,,,,,,,,,,,,,,,,,,,,,,,,,,,,,,,,
207,4,9.065485,-79.5595093,1805.252977,-1651.422075,,,,,,,,,,,,,,,,,,,,,,,,,,,,,,,,,,,,,,,,,,,,,,,,,,,,,,,
196,4,9.0660505,-79.5591354,2010.453089,-1516.536278,,,,,,,,,,,,,,,,,,,,,,,,,,,,,,,,,,,,,,,,,,,,,,,,,,,,,,,
195,4,9.0661068,-79.5591507,2030.882384,-1522.055809,,,,,,,,,,,,,,,,,,,,,,,,,,,,,,,,,,,,,,,,,,,,,,,,,,,,,,,
274,4,9.0635767,-79.5584183,1112.79785,-1257.839821,,,,,,,,,,,,,,,,,,,,,,,,,,,,,,,,,,,,,,,,,,,,,,,,,,,,,,,
287,4,9.0638237,-79.557991,1202.425485,-1103.689778,,,,,,,,,,,,,,,,,,,,,,,,,,,,,,,,,,,,,,,,,,,,,,,,,,,,,,,
278,4,9.0640612,-79.5584641,1288.605904,-1274.362339,,,,,,,,,,,,,,,,,,,,,,,,,,,,,,,,,,,,,,,,,,,,,,,,,,,,,,,
239,4,9.0649834,-79.5590515,1623.239933,-1486.269045,,,,,,,,,,,,,,,,,,,,,,,,,,,,,,,,,,,,,,,,,,,,,,,,,,,,,,,
113,5,9.0623655,-79.556633,673.2958591,-613.7862941,,,,,,,,,,,,,,,,,,,,,,,,,,,,,,,,,,,,,,,,,,,,,,,,,,,,,,,
307,5,9.0627327,-79.5577011,806.5398577,-999.1072891,,,,,,,,,,,,,,,,,,,,,,,,,,,,,,,,,,,,,,,,,,,,,,,,,,,,,,,
306,5,9.063035,-79.5576172,916.233923,-968.8400561,,,,,,,,,,,,,,,,,,,,,,,,,,,,,,,,,,,,,,,,,,,,,,,,,,,,,,,
106,5,9.0626049,-79.5569153,760.1657209,-715.6270552,,,,,,,,,,,,,,,,,,,,,,,,,,,,,,,,,,,,,,,,,,,,,,,,,,,,,,,
86,5,9.0633478,-79.5572357,1029.73807,-831.212531,,,,,,,,,,,,,,,,,,,,,,,,,,,,,,,,,,,,,,,,,,,,,,,,,,,,,,,
246,5,9.0636749,-79.5575256,1148.431185,-935.79502,,,,,,,,,,,,,,,,,,,,,,,,,,,,,,,,,,,,,,,,,,,,,,,,,,,,,,,
250,5,9.0638065,-79.5577087,1196.184209,-1001.849017,,,,,,,,,,,,,,,,,,,,,,,,,,,,,,,,,,,,,,,,,,,,,,,,,,,,,,,
255,5,9.0642309,-79.5576553,1350.184081,-982.584771,,,,,,,,,,,,,,,,,,,,,,,,,,,,,,,,,,,,,,,,,,,,,,,,,,,,,,,
149,5,9.0643253,-79.5575638,1384.438529,-949.5758102,,,,,,,,,,,,,,,,,,,,,,,,,,,,,,,,,,,,,,,,,,,,,,,,,,,,,,,
160,5,9.0645428,-79.557785,1463.361649,-1029.374522,,,,,,,,,,,,,,,,,,,,,,,,,,,,,,,,,,,,,,,,,,,,,,,,,,,,,,,
168,5,9.0645647,-79.558342,1471.308391,-1230.314316,,,,,,,,,,,,,,,,,,,,,,,,,,,,,,,,,,,,,,,,,,,,,,,,,,,,,,,
169,5,9.0647507,-79.5583191,1538.801266,-1222.053057,,,,,,,,,,,,,,,,,,,,,,,,,,,,,,,,,,,,,,,,,,,,,,,,,,,,,,,
178,5,9.0646629,-79.5585861,1506.941726,-1318.374287,,,,,,,,,,,,,,,,,,,,,,,,,,,,,,,,,,,,,,,,,,,,,,,,,,,,,,,
47,5,9.0630598,-79.5558853,925.232973,-344.0507751,,,,,,,,,,,,,,,,,,,,,,,,,,,,,,,,,,,,,,,,,,,,,,,,,,,,,,,
175,5,9.0649033,-79.5585556,1594.174453,-1307.3713,,,,,,,,,,,,,,,,,,,,,,,,,,,,,,,,,,,,,,,,,,,,,,,,,,,,,,,
183,5,9.0655441,-79.558342,1826.698294,-1230.314316,,,,,,,,,,,,,,,,,,,,,,,,,,,,,,,,,,,,,,,,,,,,,,,,,,,,,,,
199,5,9.0658245,-79.558548,1928.445617,-1304.629572,,,,,,,,,,,,,,,,,,,,,,,,,,,,,,,,,,,,,,,,,,,,,,,,,,,,,,,
193,5,9.065835,-79.558609,1932.255699,-1326.635546,,,,,,,,,,,,,,,,,,,,,,,,,,,,,,,,,,,,,,,,,,,,,,,,,,,,,,,
68,5,9.0632076,-79.556282,978.8644082,-487.161756,,,,,,,,,,,,,,,,,,,,,,,,,,,,,,,,,,,,,,,,,,,,,,,,,,,,,,,
299,5,9.0629025,-79.558197,868.1543211,-1178.005034,,,,,,,,,,,,,,,,,,,,,,,,,,,,,,,,,,,,,,,,,,,,,,,,,,,,,,,
142,5,9.064353,-79.5566559,1394.489888,-622.0475532,,,,,,,,,,,,,,,,,,,,,,,,,,,,,,,,,,,,,,,,,,,,,,,,,,,,,,,
264,5,9.063467,-79.5590363,1072.991568,-1480.785589,,,,,,,,,,,,,,,,,,,,,,,,,,,,,,,,,,,,,,,,,,,,,,,,,,,,,,,
309,6,9.0626364,-79.5575333,771.5959659,-938.5728232,,,,,,,,,,,,,,,,,,,,,,,,,,,,,,,,,,,,,,,,,,,,,,,,,,,,,,,
305,6,9.0627308,-79.5577164,805.8504143,-1004.62682,,,,,,,,,,,,,,,,,,,,,,,,,,,,,,,,,,,,,,,,,,,,,,,,,,,,,,,
16,6,9.0630903,-79.555069,936.3003531,-49.56755426,,,,,,,,,,,,,,,,,,,,,,,,,,,,,,,,,,,,,,,,,,,,,,,,,,,,,,,
198,6,9.0659428,-79.5590973,1971.372537,-1502.791563,,,,,,,,,,,,,,,,,,,,,,,,,,,,,,,,,,,,,,,,,,,,,,,,,,,,,,,
,6,9.0631256,-79.5563812,949.1094848,-522.94852,,,,,,,,,,,,,,,,,,,,,,,,,,,,,,,,,,,,,,,,,,,,,,,,,,,,,,,
303,6,9.0633373,-79.5584183,1025.927988,-1257.839821,,,,,,,,,,,,,,,,,,,,,,,,,,,,,,,,,,,,,,,,,,,,,,,,,,,,,,,
207,6,9.0654478,-79.5593948,1791.754402,-1610.11578,,,,,,,,,,,,,,,,,,,,,,,,,,,,,,,,,,,,,,,,,,,,,,,,,,,,,,,
231,6,9.063777,-79.5591431,1185.479694,-1519.314081,,,,,,,,,,,,,,,,,,,,,,,,,,,,,,,,,,,,,,,,,,,,,,,,,,,,,,,
102,7,9.0628777,-79.5571823,859.1552711,-811.9482851,,,,,,,,,,,,,,,,,,,,,,,,,,,,,,,,,,,,,,,,,,,,,,,,,,,,,,,
127,7,9.0637255,-79.5571289,1166.79215,-792.6840391,,,,,,,,,,,,,,,,,,,,,,,,,,,,,,,,,,,,,,,,,,,,,,,,,,,,,,,
262,7,9.0633793,-79.5592422,1041.168315,-1555.06477,,,,,,,,,,,,,,,,,,,,,,,,,,,,,,,,,,,,,,,,,,,,,,,,,,,,,,,
,7,9.0634584,-79.5591507,1069.87093,-1522.055809,,,,,,,,,,,,,,,,,,,,,,,,,,,,,,,,,,,,,,,,,,,,,,,,,,,,,,,
108,8,9.0623674,-79.5569992,673.9853024,-745.8942881,,,,,,,,,,,,,,,,,,,,,,,,,,,,,,,,,,,,,,,,,,,,,,,,,,,,,,,
19,8,9.0628824,-79.5552063,860.8607362,-99.09903315,,,,,,,,,,,,,,,,,,,,,,,,,,,,,,,,,,,,,,,,,,,,,,,,,,,,,,,
104,8,9.0628328,-79.5571365,842.8626362,-795.425767,,,,,,,,,,,,,,,,,,,,,,,,,,,,,,,,,,,,,,,,,,,,,,,,,,,,,,,
180,8,9.0646191,-79.5585632,1491.048243,-1310.113028,,,,,,,,,,,,,,,,,,,,,,,,,,,,,,,,,,,,,,,,,,,,,,,,,,,,,,,
233,8,9.0645342,-79.5594177,1460.241011,-1618.377039,,,,,,,,,,,,,,,,,,,,,,,,,,,,,,,,,,,,,,,,,,,,,,,,,,,,,,,
2,9,9.0617447,-79.5559158,448.0293167,-355.053762,,,,,,,,,,,,,,,,,,,,,,,,,,,,,,,,,,,,,,,,,,,,,,,,,,,,,,,
20,10,9.0627069,-79.5552292,797.1779427,-107.3602922,,,,,,,,,,,,,,,,,,,,,,,,,,,,,,,,,,,,,,,,,,,,,,,,,,,,,,,
186,10,9.065711,-79.5578461,1887.260449,-1051.416571,,,,,,,,,,,,,,,,,,,,,,,,,,,,,,,,,,,,,,,,,,,,,,,,,,,,,,,
,10,9.0646667,-79.5572968,1508.320613,-853.2545803,,,,,,,,,,,,,,,,,,,,,,,,,,,,,,,,,,,,,,,,,,,,,,,,,,,,,,,
168,4.06557377,9.0646372,-79.5583878,1497.616098,-1246.836834,,,,,,,,,,,,,,,,,,,,,,,,,,,,,,,,,,,,,,,,,,,,,,,,,,,,,,,
121,4.06557377,9.0619202,-79.5565262,511.7121102,-575.2578022,,,,,,,,,,,,,,,,,,,,,,,,,,,,,,,,,,,,,,,,,,,,,,,,,,,,,,,
117,4.06557377,9.0621252,-79.5565948,586.0994188,-600.0055039,,,,,,,,,,,,,,,,,,,,,,,,,,,,,,,,,,,,,,,,,,,,,,,,,,,,,,,
110,4.06557377,9.0623188,-79.5569229,656.3500673,-718.3687831,,,,,,,,,,,,,,,,,,,,,,,,,,,,,,,,,,,,,,,,,,,,,,,,,,,,,,,
123,4.06557377,9.0618477,-79.5563202,485.4044035,-500.9425462,,,,,,,,,,,,,,,,,,,,,,,,,,,,,,,,,,,,,,,,,,,,,,,,,,,,,,,
109,4.06557377,9.0623331,-79.5570068,661.5390357,-748.636016,,,,,,,,,,,,,,,,,,,,,,,,,,,,,,,,,,,,,,,,,,,,,,,,,,,,,,,
1,4.06557377,9.0616531,-79.5560532,414.7908901,-404.6213163,,,,,,,,,,,,,,,,,,,,,,,,,,,,,,,,,,,,,,,,,,,,,,,,,,,,,,,
28,4.06557377,9.0617199,-79.5559921,439.0302667,-382.579267,,,,,,,,,,,,,,,,,,,,,,,,,,,,,,,,,,,,,,,,,,,,,,,,,,,,,,,
124,4.06557377,9.0623903,-79.5571442,682.2949091,-798.2035702,,,,,,,,,,,,,,,,,,,,,,,,,,,,,,,,,,,,,,,,,,,,,,,,,,,,,,,
3,4.06557377,9.0617552,-79.5557861,451.8393984,-308.264011,,,,,,,,,,,,,,,,,,,,,,,,,,,,,,,,,,,,,,,,,,,,,,,,,,,,,,,
312,4.06557377,9.0626097,-79.5574799,761.9074725,-919.3085773,,,,,,,,,,,,,,,,,,,,,,,,,,,,,,,,,,,,,,,,,,,,,,,,,,,,,,,
6,4.06557377,9.0620356,-79.5554733,553.586722,-195.420263,,,,,,,,,,,,,,,,,,,,,,,,,,,,,,,,,,,,,,,,,,,,,,,,,,,,,,,
23,4.06557377,9.06215,-79.5554962,595.0984688,-203.6815221,,,,,,,,,,,,,,,,,,,,,,,,,,,,,,,,,,,,,,,,,,,,,,,,,,,,,,,
10,4.06557377,9.0624523,-79.5553665,704.7925341,-156.8917711,,,,,,,,,,,,,,,,,,,,,,,,,,,,,,,,,,,,,,,,,,,,,,,,,,,,,,,
21,4.06557377,9.0626583,-79.5553513,779.5427076,-151.4083153,,,,,,,,,,,,,,,,,,,,,,,,,,,,,,,,,,,,,,,,,,,,,,,,,,,,,,,
11,4.06557377,9.062623,-79.5552597,766.733576,-118.3632791,,,,,,,,,,,,,,,,,,,,,,,,,,,,,,,,,,,,,,,,,,,,,,,,,,,,,,,
12,4.06557377,9.0627918,-79.5550842,827.9851745,-55.05101004,,,,,,,,,,,,,,,,,,,,,,,,,,,,,,,,,,,,,,,,,,,,,,,,,,,,,,,
13,4.06557377,9.0629435,-79.5550003,883.0317828,-24.78377713,,,,,,,,,,,,,,,,,,,,,,,,,,,,,,,,,,,,,,,,,,,,,,,,,,,,,,,
14,4.06557377,9.0630875,-79.5549393,935.2843313,-2.777803258,,,,,,,,,,,,,,,,,,,,,,,,,,,,,,,,,,,,,,,,,,,,,,,,,,,,,,,
15,4.06557377,9.0631495,-79.5549316,957.7819563,0,,,,,,,,,,,,,,,,,,,,,,,,,,,,,,,,,,,,,,,,,,,,,,,,,,,,,,,
,4.06557377,9.0630131,-79.5550461,908.2871813,-41.30629521,,,,,,,,,,,,,,,,,,,,,,,,,,,,,,,,,,,,,,,,,,,,,,,,,,,,,,,
,4.06557377,9.0628719,-79.5550919,857.0506545,-57.8288133,,,,,,,,,,,,,,,,,,,,,,,,,,,,,,,,,,,,,,,,,,,,,,,,,,,,,,,
92,4.06557377,9.0630436,-79.5572662,919.3545613,-842.215518,,,,,,,,,,,,,,,,,,,,,,,,,,,,,,,,,,,,,,,,,,,,,,,,,,,,,,,
101,4.06557377,9.0629101,-79.5573654,870.9120945,-878.002282,,,,,,,,,,,,,,,,,,,,,,,,,,,,,,,,,,,,,,,,,,,,,,,,,,,,,,,
0,4.06557377,9.0625896,-79.5569305,754.6138876,-721.110511,,,,,,,,,,,,,,,,,,,,,,,,,,,,,,,,,,,,,,,,,,,,,,,,,,,,,,,
89,4.06557377,9.0633307,-79.5574188,1023.53308,-897.266528,,,,,,,,,,,,,,,,,,,,,,,,,,,,,,,,,,,,,,,,,,,,,,,,,,,,,,,
29,4.06557377,9.0619488,-79.5558853,522.0900469,-344.0507751,,,,,,,,,,,,,,,,,,,,,,,,,,,,,,,,,,,,,,,,,,,,,,,,,,,,,,,
27,4.06557377,9.0620098,-79.5557404,544.224807,-291.7775683,,,,,,,,,,,,,,,,,,,,,,,,,,,,,,,,,,,,,,,,,,,,,,,,,,,,,,,
251,4.06557377,9.0639629,-79.5577545,1252.936282,-1018.371535,,,,,,,,,,,,,,,,,,,,,,,,,,,,,,,,,,,,,,,,,,,,,,,,,,,,,,,
253,4.06557377,9.0639277,-79.5577698,1240.163437,-1023.891066,,,,,,,,,,,,,,,,,,,,,,,,,,,,,,,,,,,,,,,,,,,,,,,,,,,,,,,
252,4.06557377,9.0641603,-79.5577316,1324.565817,-1010.110276,,,,,,,,,,,,,,,,,,,,,,,,,,,,,,,,,,,,,,,,,,,,,,,,,,,,,,,
30,4.06557377,9.0621681,-79.5558548,601.6663239,-333.0477881,,,,,,,,,,,,,,,,,,,,,,,,,,,,,,,,,,,,,,,,,,,,,,,,,,,,,,,
256,4.06557377,9.0642548,-79.5575867,1358.856552,-957.8370692,,,,,,,,,,,,,,,,,,,,,,,,,,,,,,,,,,,,,,,,,,,,,,,,,,,,,,,
34,4.06557377,9.0624952,-79.5559311,720.3594392,-360.5732932,,,,,,,,,,,,,,,,,,,,,,,,,,,,,,,,,,,,,,,,,,,,,,,,,,,,,,,
35,4.06557377,9.0624886,-79.5558853,717.9645307,-344.0507751,,,,,,,,,,,,,,,,,,,,,,,,,,,,,,,,,,,,,,,,,,,,,,,,,,,,,,,
35,4.06557377,9.062561,-79.5559235,744.2359509,-357.8315653,,,,,,,,,,,,,,,,,,,,,,,,,,,,,,,,,,,,,,,,,,,,,,,,,,,,,,,
36,4.06557377,9.0625916,-79.5558701,755.3396175,-338.5673193,,,,,,,,,,,,,,,,,,,,,,,,,,,,,,,,,,,,,,,,,,,,,,,,,,,,,,,
38,4.06557377,9.0626631,-79.5559387,781.2844593,-363.3150211,,,,,,,,,,,,,,,,,,,,,,,,,,,,,,,,,,,,,,,,,,,,,,,,,,,,,,,
167,4.06557377,9.0644617,-79.5577316,1433.933304,-1010.110276,,,,,,,,,,,,,,,,,,,,,,,,,,,,,,,,,,,,,,,,,,,,,,,,,,,,,,,
162,4.06557377,9.0644197,-79.557724,1418.692978,-1007.368548,,,,,,,,,,,,,,,,,,,,,,,,,,,,,,,,,,,,,,,,,,,,,,,,,,,,,,,
162,4.06557377,9.0644894,-79.5580063,1443.984663,-1109.209309,,,,,,,,,,,,,,,,,,,,,,,,,,,,,,,,,,,,,,,,,,,,,,,,,,,,,,,
165,4.06557377,9.0645247,-79.5581131,1456.793794,-1147.737801,,,,,,,,,,,,,,,,,,,,,,,,,,,,,,,,,,,,,,,,,,,,,,,,,,,,,,,
181,4.06557377,9.0649061,-79.5580521,1595.190475,-1125.731827,,,,,,,,,,,,,,,,,,,,,,,,,,,,,,,,,,,,,,,,,,,,,,,,,,,,,,,
179,4.06557377,9.0646477,-79.5585556,1501.426179,-1307.3713,,,,,,,,,,,,,,,,,,,,,,,,,,,,,,,,,,,,,,,,,,,,,,,,,,,,,,,
39,4.06557377,9.0628939,-79.5558777,865.0336828,-341.3090472,,,,,,,,,,,,,,,,,,,,,,,,,,,,,,,,,,,,,,,,,,,,,,,,,,,,,,,
46,4.06557377,9.0630541,-79.5560074,923.164643,-388.0987982,,,,,,,,,,,,,,,,,,,,,,,,,,,,,,,,,,,,,,,,,,,,,,,,,,,,,,,
177,4.06557377,9.0647287,-79.5586624,1530.818238,-1345.899792,,,,,,,,,,,,,,,,,,,,,,,,,,,,,,,,,,,,,,,,,,,,,,,,,,,,,,,
48,4.06557377,9.0630722,-79.5558853,929.732498,-344.0507751,,,,,,,,,,,,,,,,,,,,,,,,,,,,,,,,,,,,,,,,,,,,,,,,,,,,,,,
49,4.06557377,9.0631332,-79.555809,951.8672581,-316.5252701,,,,,,,,,,,,,,,,,,,,,,,,,,,,,,,,,,,,,,,,,,,,,,,,,,,,,,,
51,4.06557377,9.0632811,-79.5557709,1005.53498,-302.7805552,,,,,,,,,,,,,,,,,,,,,,,,,,,,,,,,,,,,,,,,,,,,,,,,,,,,,,,
50,4.06557377,9.0632324,-79.5558472,987.8634582,-330.3060603,,,,,,,,,,,,,,,,,,,,,,,,,,,,,,,,,,,,,,,,,,,,,,,,,,,,,,,
182,4.06557377,9.0651302,-79.5584641,1676.508503,-1274.362339,,,,,,,,,,,,,,,,,,,,,,,,,,,,,,,,,,,,,,,,,,,,,,,,,,,,,,,
58,4.06557377,9.0636787,-79.555687,1149.810072,-272.5133223,,,,,,,,,,,,,,,,,,,,,,,,,,,,,,,,,,,,,,,,,,,,,,,,,,,,,,,
59,4.06557377,9.063674,-79.5558167,1148.104607,-319.3030733,,,,,,,,,,,,,,,,,,,,,,,,,,,,,,,,,,,,,,,,,,,,,,,,,,,,,,,
56,4.06557377,9.0635376,-79.555809,1098.609832,-316.5252701,,,,,,,,,,,,,,,,,,,,,,,,,,,,,,,,,,,,,,,,,,,,,,,,,,,,,,,
52,4.06557377,9.0634413,-79.5558319,1063.66594,-324.7865291,,,,,,,,,,,,,,,,,,,,,,,,,,,,,,,,,,,,,,,,,,,,,,,,,,,,,,,
53,4.06557377,9.0634441,-79.5559921,1064.681962,-382.579267,,,,,,,,,,,,,,,,,,,,,,,,,,,,,,,,,,,,,,,,,,,,,,,,,,,,,,,
201,4.06557377,9.065938,-79.5585175,1969.630786,-1293.626585,,,,,,,,,,,,,,,,,,,,,,,,,,,,,,,,,,,,,,,,,,,,,,,,,,,,,,,
63,4.06557377,9.0635357,-79.5559692,1097.920388,-374.318008,,,,,,,,,,,,,,,,,,,,,,,,,,,,,,,,,,,,,,,,,,,,,,,,,,,,,,,
63,4.06557377,9.0636292,-79.5559769,1131.848258,-377.0958113,,,,,,,,,,,,,,,,,,,,,,,,,,,,,,,,,,,,,,,,,,,,,,,,,,,,,,,
62,4.06557377,9.0637264,-79.5559616,1167.118729,-371.5762801,,,,,,,,,,,,,,,,,,,,,,,,,,,,,,,,,,,,,,,,,,,,,,,,,,,,,,,
60,4.06557377,9.0640631,-79.5560684,1289.295347,-410.1047721,,,,,,,,,,,,,,,,,,,,,,,,,,,,,,,,,,,,,,,,,,,,,,,,,,,,,,,
197,4.06557377,9.0659323,-79.5592422,1967.562456,-1555.06477,,,,,,,,,,,,,,,,,,,,,,,,,,,,,,,,,,,,,,,,,,,,,,,,,,,,,,,
203,4.06557377,9.0658903,-79.5593185,1952.322129,-1582.590275,,,,,,,,,,,,,,,,,,,,,,,,,,,,,,,,,,,,,,,,,,,,,,,,,,,,,,,
64,4.06557377,9.0634279,-79.5561905,1058.80355,-454.1527952,,,,,,,,,,,,,,,,,,,,,,,,,,,,,,,,,,,,,,,,,,,,,,,,,,,,,,,
66,4.06557377,9.0636339,-79.5563049,1133.553724,-495.423015,,,,,,,,,,,,,,,,,,,,,,,,,,,,,,,,,,,,,,,,,,,,,,,,,,,,,,,
70,4.06557377,9.06353,-79.5563736,1095.852058,-520.2067921,,,,,,,,,,,,,,,,,,,,,,,,,,,,,,,,,,,,,,,,,,,,,,,,,,,,,,,
95,4.06557377,9.0629864,-79.5565414,898.5986879,-580.741258,,,,,,,,,,,,,,,,,,,,,,,,,,,,,,,,,,,,,,,,,,,,,,,,,,,,,,,
96,4.06557377,9.0628958,-79.5566406,865.7231261,-616.528022,,,,,,,,,,,,,,,,,,,,,,,,,,,,,,,,,,,,,,,,,,,,,,,,,,,,,,,
304,4.06557377,9.0627346,-79.5579834,807.229301,-1100.94805,,,,,,,,,,,,,,,,,,,,,,,,,,,,,,,,,,,,,,,,,,,,,,,,,,,,,,,
,4.06557377,9.0630894,-79.5567398,935.9737746,-652.3147861,,,,,,,,,,,,,,,,,,,,,,,,,,,,,,,,,,,,,,,,,,,,,,,,,,,,,,,
93,4.06557377,9.063139,-79.5569153,953.9718747,-715.6270552,,,,,,,,,,,,,,,,,,,,,,,,,,,,,,,,,,,,,,,,,,,,,,,,,,,,,,,
300,4.06557377,9.0630255,-79.5582581,912.7867063,-1200.047083,,,,,,,,,,,,,,,,,,,,,,,,,,,,,,,,,,,,,,,,,,,,,,,,,,,,,,,
301,4.06557377,9.0630674,-79.5582733,927.9907464,-1205.530539,,,,,,,,,,,,,,,,,,,,,,,,,,,,,,,,,,,,,,,,,,,,,,,,,,,,,,,
84,4.06557377,9.0634642,-79.5569992,1071.975547,-745.8942881,,,,,,,,,,,,,,,,,,,,,,,,,,,,,,,,,,,,,,,,,,,,,,,,,,,,,,,
83,4.06557377,9.0634336,-79.5568542,1060.87188,-693.5850059,,,,,,,,,,,,,,,,,,,,,,,,,,,,,,,,,,,,,,,,,,,,,,,,,,,,,,,
82,4.06557377,9.0633974,-79.556778,1047.73617,-666.0955763,,,,,,,,,,,,,,,,,,,,,,,,,,,,,,,,,,,,,,,,,,,,,,,,,,,,,,,
85,4.06557377,9.0637903,-79.5569305,1190.305797,-721.110511,,,,,,,,,,,,,,,,,,,,,,,,,,,,,,,,,,,,,,,,,,,,,,,,,,,,,,,
270,4.06557377,9.0631952,-79.5587463,974.3648832,-1376.167025,,,,,,,,,,,,,,,,,,,,,,,,,,,,,,,,,,,,,,,,,,,,,,,,,,,,,,,
267,4.06557377,9.0633297,-79.5590134,1023.170215,-1472.52433,,,,,,,,,,,,,,,,,,,,,,,,,,,,,,,,,,,,,,,,,,,,,,,,,,,,,,,
126,4.06557377,9.0637293,-79.5572052,1168.171037,-820.2095441,,,,,,,,,,,,,,,,,,,,,,,,,,,,,,,,,,,,,,,,,,,,,,,,,,,,,,,
129,4.06557377,9.0639439,-79.5569229,1246.041849,-718.3687831,,,,,,,,,,,,,,,,,,,,,,,,,,,,,,,,,,,,,,,,,,,,,,,,,,,,,,,
130,4.06557377,9.0640211,-79.5569,1274.055021,-710.107524,,,,,,,,,,,,,,,,,,,,,,,,,,,,,,,,,,,,,,,,,,,,,,,,,,,,,,,
133,4.06557377,9.06423,-79.5568619,1349.857502,-696.3628092,,,,,,,,,,,,,,,,,,,,,,,,,,,,,,,,,,,,,,,,,,,,,,,,,,,,,,,
135,4.06557377,9.0643177,-79.5568695,1381.680756,-699.1045371,,,,,,,,,,,,,,,,,,,,,,,,,,,,,,,,,,,,,,,,,,,,,,,,,,,,,,,
136,4.06557377,9.0644627,-79.5569611,1434.296169,-732.1495733,,,,,,,,,,,,,,,,,,,,,,,,,,,,,,,,,,,,,,,,,,,,,,,,,,,,,,,
,4.06557377,9.0644932,-79.5568924,1445.363549,-707.3657961,,,,,,,,,,,,,,,,,,,,,,,,,,,,,,,,,,,,,,,,,,,,,,,,,,,,,,,
139,4.06557377,9.0646057,-79.5568161,1486.185853,-679.8402911,,,,,,,,,,,,,,,,,,,,,,,,,,,,,,,,,,,,,,,,,,,,,,,,,,,,,,,
138,4.06557377,9.0647469,-79.5569153,1537.42238,-715.6270552,,,,,,,,,,,,,,,,,,,,,,,,,,,,,,,,,,,,,,,,,,,,,,,,,,,,,,,
192,4.06557377,9.063468,-79.5591202,1073.354433,-1511.052822,,,,,,,,,,,,,,,,,,,,,,,,,,,,,,,,,,,,,,,,,,,,,,,,,,,,,,,
134,4.06557377,9.0642519,-79.5568619,1357.804244,-696.3628092,,,,,,,,,,,,,,,,,,,,,,,,,,,,,,,,,,,,,,,,,,,,,,,,,,,,,,,
88,4.06557377,9.0632477,-79.5572739,993.4152915,-844.9933212,,,,,,,,,,,,,,,,,,,,,,,,,,,,,,,,,,,,,,,,,,,,,,,,,,,,,,,
160,4.06557377,9.0644913,-79.5577621,1444.674106,-1021.113263,,,,,,,,,,,,,,,,,,,,,,,,,,,,,,,,,,,,,,,,,,,,,,,,,,,,,,,
161,4.06557377,9.0645046,-79.5578232,1449.500209,-1043.155312,,,,,,,,,,,,,,,,,,,,,,,,,,,,,,,,,,,,,,,,,,,,,,,,,,,,,,,
163,4.06557377,9.0645151,-79.5580978,1453.310291,-1142.21827,,,,,,,,,,,,,,,,,,,,,,,,,,,,,,,,,,,,,,,,,,,,,,,,,,,,,,,
263,4.06557377,9.0634851,-79.5593033,1079.559423,-1577.106819,,,,,,,,,,,,,,,,,,,,,,,,,,,,,,,,,,,,,,,,,,,,,,,,,,,,,,,
,4.06557377,9.0635529,-79.5594788,1104.161665,-1640.419088,,,,,,,,,,,,,,,,,,,,,,,,,,,,,,,,,,,,,,,,,,,,,,,,,,,,,,,
260,4.06557377,9.0636702,-79.559433,1146.72572,-1623.89657,,,,,,,,,,,,,,,,,,,,,,,,,,,,,,,,,,,,,,,,,,,,,,,,,,,,,,,
259,4.06557377,9.0637407,-79.5595016,1172.307697,-1648.644272,,,,,,,,,,,,,,,,,,,,,,,,,,,,,,,,,,,,,,,,,,,,,,,,,,,,,,,
257,4.06557377,9.0636568,-79.5595779,1141.86333,-1676.169777,,,,,,,,,,,,,,,,,,,,,,,,,,,,,,,,,,,,,,,,,,,,,,,,,,,,,,,
228,4.06557377,9.0637264,-79.5596619,1167.118729,-1706.473085,,,,,,,,,,,,,,,,,,,,,,,,,,,,,,,,,,,,,,,,,,,,,,,,,,,,,,,
258,4.06557377,9.0636826,-79.5597305,1151.225245,-1731.220787,,,,,,,,,,,,,,,,,,,,,,,,,,,,,,,,,,,,,,,,,,,,,,,,,,,,,,,
230,4.06557377,9.0639467,-79.5598297,1247.057871,-1767.007551,,,,,,,,,,,,,,,,,,,,,,,,,,,,,,,,,,,,,,,,,,,,,,,,,,,,,,,
,4.06557377,9.0637188,-79.5599365,1164.360955,-1805.536043,,,,,,,,,,,,,,,,,,,,,,,,,,,,,,,,,,,,,,,,,,,,,,,,,,,,,,,
223,4.06557377,9.063858,-79.5601959,1214.871752,-1899.115545,,,,,,,,,,,,,,,,,,,,,,,,,,,,,,,,,,,,,,,,,,,,,,,,,,,,,,,
138,4.06557377,9.0647469,-79.5569839,1537.42238,-740.3747569,,,,,,,,,,,,,,,,,,,,,,,,,,,,,,,,,,,,,,,,,,,,,,,,,,,,,,,
140,4.06557377,9.0644989,-79.5567322,1447.431879,-649.5730582,,,,,,,,,,,,,,,,,,,,,,,,,,,,,,,,,,,,,,,,,,,,,,,,,,,,,,,
74,4.06557377,9.0641327,-79.556572,1314.550746,-591.7803203,,,,,,,,,,,,,,,,,,,,,,,,,,,,,,,,,,,,,,,,,,,,,,,,,,,,,,,
73,4.06557377,9.0640717,-79.5565109,1292.415986,-569.738271,,,,,,,,,,,,,,,,,,,,,,,,,,,,,,,,,,,,,,,,,,,,,,,,,,,,,,,
75,4.06557377,9.0641069,-79.556694,1305.188831,-635.792268,,,,,,,,,,,,,,,,,,,,,,,,,,,,,,,,,,,,,,,,,,,,,,,,,,,,,,,
,4.06557377,9.0637693,-79.556427,1182.685634,-539.4710381,,,,,,,,,,,,,,,,,,,,,,,,,,,,,,,,,,,,,,,,,,,,,,,,,,,,,,,
69,4.06557377,9.0639076,-79.556366,1232.869852,-517.4650642,,,,,,,,,,,,,,,,,,,,,,,,,,,,,,,,,,,,,,,,,,,,,,,,,,,,,,,
147,4.06557377,9.064291,-79.557251,1371.992263,-836.7320622,,,,,,,,,,,,,,,,,,,,,,,,,,,,,,,,,,,,,,,,,,,,,,,,,,,,,,,
,4.06557377,9.064703,-79.5571899,1521.49261,-814.690013,,,,,,,,,,,,,,,,,,,,,,,,,,,,,,,,,,,,,,,,,,,,,,,,,,,,,,,
146,4.06557377,9.0648298,-79.5572281,1567.503881,-828.4708032,,,,,,,,,,,,,,,,,,,,,,,,,,,,,,,,,,,,,,,,,,,,,,,,,,,,,,,
,4.06557377,9.0649672,-79.5572662,1617.361521,-842.215518,,,,,,,,,,,,,,,,,,,,,,,,,,,,,,,,,,,,,,,,,,,,,,,,,,,,,,,
,4.06557377,9.0649767,-79.5573959,1620.808738,-889.005269,,,,,,,,,,,,,,,,,,,,,,,,,,,,,,,,,,,,,,,,,,,,,,,,,,,,,,,
,4.06557377,9.0652695,-79.5576477,1727.055587,-979.8430431,,,,,,,,,,,,,,,,,,,,,,,,,,,,,,,,,,,,,,,,,,,,,,,,,,,,,,,
,4.06557377,9.065424,-79.557785,1783.118217,-1029.374522,,,,,,,,,,,,,,,,,,,,,,,,,,,,,,,,,,,,,,,,,,,,,,,,,,,,,,,
305,4.06557377,9.0629263,-79.5577393,876.7905062,-1012.888079,,,,,,,,,,,,,,,,,,,,,,,,,,,,,,,,,,,,,,,,,,,,,,,,,,,,,,,
220,4.06557377,9.0641575,-79.5602493,1323.549796,-1918.379791,,,,,,,,,,,,,,,,,,,,,,,,,,,,,,,,,,,,,,,,,,,,,,,,,,,,,,,
219,4.06557377,9.0641928,-79.5603638,1336.358927,-1959.686086,,,,,,,,,,,,,,,,,,,,,,,,,,,,,,,,,,,,,,,,,,,,,,,,,,,,,,,
225,4.06557377,9.0639391,-79.5603638,1244.300097,-1959.686086,,,,,,,,,,,,,,,,,,,,,,,,,,,,,,,,,,,,,,,,,,,,,,,,,,,,,,,
226,4.06557377,9.0639277,-79.560585,1240.163437,-2039.484798,,,,,,,,,,,,,,,,,,,,,,,,,,,,,,,,,,,,,,,,,,,,,,,,,,,,,,,
218,4.06557377,9.064415,-79.5601044,1416.987513,-1866.106584,,,,,,,,,,,,,,,,,,,,,,,,,,,,,,,,,,,,,,,,,,,,,,,,,,,,,,,
216,4.06557377,9.0646029,-79.5601349,1485.169831,-1877.109571,,,,,,,,,,,,,,,,,,,,,,,,,,,,,,,,,,,,,,,,,,,,,,,,,,,,,,,
217,4.06557377,9.0645933,-79.5601349,1481.686328,-1877.109571,,,,,,,,,,,,,,,,,,,,,,,,,,,,,,,,,,,,,,,,,,,,,,,,,,,,,,,
211,4.06557377,9.0647593,-79.5600586,1541.921905,-1849.584066,,,,,,,,,,,,,,,,,,,,,,,,,,,,,,,,,,,,,,,,,,,,,,,,,,,,,,,
212,4.06557377,9.0649662,-79.5597839,1616.998657,-1750.485033,,,,,,,,,,,,,,,,,,,,,,,,,,,,,,,,,,,,,,,,,,,,,,,,,,,,,,,
,4.06557377,9.0648804,-79.5597458,1585.864846,-1736.740318,,,,,,,,,,,,,,,,,,,,,,,,,,,,,,,,,,,,,,,,,,,,,,,,,,,,,,,
210,4.06557377,9.0651779,-79.5600967,1693.81716,-1863.328781,,,,,,,,,,,,,,,,,,,,,,,,,,,,,,,,,,,,,,,,,,,,,,,,,,,,,,,
209,4.06557377,9.0654516,-79.5600433,1793.133289,-1844.064535,,,,,,,,,,,,,,,,,,,,,,,,,,,,,,,,,,,,,,,,,,,,,,,,,,,,,,,
208,4.06557377,9.0655823,-79.5599594,1840.559734,-1813.797302,,,,,,,,,,,,,,,,,,,,,,,,,,,,,,,,,,,,,,,,,,,,,,,,,,,,,,,
205,4.06557377,9.0655746,-79.5595016,1837.765674,-1648.644272,,,,,,,,,,,,,,,,,,,,,,,,,,,,,,,,,,,,,,,,,,,,,,,,,,,,,,,
203,4.06557377,9.0658264,-79.5594864,1929.135061,-1643.160816,,,,,,,,,,,,,,,,,,,,,,,,,,,,,,,,,,,,,,,,,,,,,,,,,,,,,,,
197,4.06557377,9.065937,-79.559288,1969.267921,-1571.587288,,,,,,,,,,,,,,,,,,,,,,,,,,,,,,,,,,,,,,,,,,,,,,,,,,,,,,,
193,4.06557377,9.0659924,-79.5587006,1989.370637,-1359.680582,,,,,,,,,,,,,,,,,,,,,,,,,,,,,,,,,,,,,,,,,,,,,,,,,,,,,,,
89,4.06557377,9.0633049,-79.5573883,1014.171165,-886.2635411,,,,,,,,,,,,,,,,,,,,,,,,,,,,,,,,,,,,,,,,,,,,,,,,,,,,,,,
273,4.06557377,9.0635767,-79.5586014,1112.79785,-1323.893818,,,,,,,,,,,,,,,,,,,,,,,,,,,,,,,,,,,,,,,,,,,,,,,,,,,,,,,
,4.06557377,9.0634594,-79.5587158,1070.233795,-1365.164038,,,,,,,,,,,,,,,,,,,,,,,,,,,,,,,,,,,,,,,,,,,,,,,,,,,,,,,
,4.06557377,9.0635233,-79.558815,1093.420863,-1400.950802,,,,,,,,,,,,,,,,,,,,,,,,,,,,,,,,,,,,,,,,,,,,,,,,,,,,,,,
276,4.06557377,9.0637827,-79.5585022,1187.548024,-1288.107054,,,,,,,,,,,,,,,,,,,,,,,,,,,,,,,,,,,,,,,,,,,,,,,,,,,,,,,
277,4.06557377,9.0639277,-79.5585861,1240.163437,-1318.374287,,,,,,,,,,,,,,,,,,,,,,,,,,,,,,,,,,,,,,,,,,,,,,,,,,,,,,,
279,4.06557377,9.0639305,-79.5583725,1241.179459,-1241.317303,,,,,,,,,,,,,,,,,,,,,,,,,,,,,,,,,,,,,,,,,,,,,,,,,,,,,,,
285,4.06557377,9.0638943,-79.5583496,1228.043749,-1233.056044,,,,,,,,,,,,,,,,,,,,,,,,,,,,,,,,,,,,,,,,,,,,,,,,,,,,,,,
286,4.06557377,9.0637465,-79.5581512,1174.412314,-1161.482516,,,,,,,,,,,,,,,,,,,,,,,,,,,,,,,,,,,,,,,,,,,,,,,,,,,,,,,
288,4.06557377,9.0637798,-79.5581055,1186.495715,-1144.996073,,,,,,,,,,,,,,,,,,,,,,,,,,,,,,,,,,,,,,,,,,,,,,,,,,,,,,,
280,4.06557377,9.0640411,-79.5582123,1281.312319,-1183.524565,,,,,,,,,,,,,,,,,,,,,,,,,,,,,,,,,,,,,,,,,,,,,,,,,,,,,,,
284,4.06557377,9.064023,-79.5581436,1274.744464,-1158.740788,,,,,,,,,,,,,,,,,,,,,,,,,,,,,,,,,,,,,,,,,,,,,,,,,,,,,,,
283,4.06557377,9.0641632,-79.5580978,1325.618126,-1142.21827,,,,,,,,,,,,,,,,,,,,,,,,,,,,,,,,,,,,,,,,,,,,,,,,,,,,,,,
280,4.06557377,9.0641918,-79.5581207,1335.996062,-1150.479529,,,,,,,,,,,,,,,,,,,,,,,,,,,,,,,,,,,,,,,,,,,,,,,,,,,,,,,
179,4.06557377,9.0652456,-79.5585022,1718.383115,-1288.107054,,,,,,,,,,,,,,,,,,,,,,,,,,,,,,,,,,,,,,,,,,,,,,,,,,,,,,,
172,4.06557377,9.0653687,-79.5581284,1763.051787,-1153.257332,,,,,,,,,,,,,,,,,,,,,,,,,,,,,,,,,,,,,,,,,,,,,,,,,,,,,,,
174,4.06557377,9.065155,-79.5580978,1685.507553,-1142.21827,,,,,,,,,,,,,,,,,,,,,,,,,,,,,,,,,,,,,,,,,,,,,,,,,,,,,,,
199,4.06557377,9.0657558,-79.5585556,1903.516797,-1307.3713,,,,,,,,,,,,,,,,,,,,,,,,,,,,,,,,,,,,,,,,,,,,,,,,,,,,,,,
242,4.06557377,9.065136,-79.5593033,1678.61312,-1577.106819,,,,,,,,,,,,,,,,,,,,,,,,,,,,,,,,,,,,,,,,,,,,,,,,,,,,,,,
243,4.06557377,9.0646124,-79.5590744,1488.617048,-1494.530304,,,,,,,,,,,,,,,,,,,,,,,,,,,,,,,,,,,,,,,,,,,,,,,,,,,,,,,
228,4.06557377,9.0641222,-79.559494,1310.740664,-1645.902544,,,,,,,,,,,,,,,,,,,,,,,,,,,,,,,,,,,,,,,,,,,,,,,,,,,,,,,
232,4.06557377,9.0637274,-79.5590744,1167.481594,-1494.530304,,,,,,,,,,,,,,,,,,,,,,,,,,,,,,,,,,,,,,,,,,,,,,,,,,,,,,,
264,4.06557377,9.0634413,-79.5590973,1063.66594,-1502.791563,,,,,,,,,,,,,,,,,,,,,,,,,,,,,,,,,,,,,,,,,,,,,,,,,,,,,,,
